600 6 1166
116 227 22
281 53 31
505 75 26
52 392 27
255 361 33
15 318 41
262 361 40
29 319 37
383 182 23
316 239 27
477 514 21
167 278 32
499 103 21
414 217 24
281 462 43
169 437 45
237 371 38
427 133 44
195 55 31
94 446 24
270 32 25
442 266 42
460 152 29
37 471 21
469 445 32
305 69 38
568 67 42
522 452 23
211 101 30
72 99 31
128 437 36
378 285 34
398 550 33
192 525 43
418 501 31
199 588 41
177 243 43
333 514 38
189 437 40
257 35 38
22 73 38
51 111 27
515 113 37
165 334 36
538 582 23
159 325 24
164 578 32
478 449 23
508 340 44
293 61 31
407 301 33
355 159 22
67 69 43
504 524 41
92 267 30
496 110 42
573 230 44
287 142 41
48 9 33
521 484 41
12 282 31
231 515 38
446 322 37
6 390 40
76 592 44
303 300 30
209 531 27
387 366 41
480 136 22
81 85 30
47 96 30
31 75 27
93 168 28
60 464 40
519 87 29
207 590 24
178 163 20
59 17 30
478 12 45
299 443 28
564 70 28
154 425 36
315 22 36
410 526 36
376 292 42
559 473 25
283 330 23
548 221 20
46 213 25
176 446 42
262 307 20
194 90 37
549 462 30
11 555 43
355 333 41
400 466 39
142 442 25
146 121 35
207 175 33
410 43 32
325 224 40
237 390 34
371 135 21
265 571 45
387 191 28
40 587 26
533 191 43
48 196 21
138 159 37
55 66 31
309 578 34
550 126 27
563 399 37
468 11 32
459 525 26
356 492 25
572 593 30
486 277 28
399 479 34
104 522 26
66 297 31
248 203 31
466 525 27
38 33 39
523 89 35
445 317 40
537 81 36
574 152 30
39 83 40
384 354 20
380 124 35
213 487 21
262 336 31
193 418 20
224 423 36
531 464 20
540 449 26
556 221 37
40 189 37
349 535 37
225 583 39
56 65 35
179 428 25
176 180 43
421 345 45
160 504 38
523 538 37
340 229 45
4 580 35
359 60 24
574 281 28
441 404 20
511 433 29
6 456 26
59 270 21
151 566 37
263 482 26
540 12 27
592 470 42
391 439 40
392 420 42
502 257 25
134 469 32
271 350 32
171 326 44
275 483 38
176 487 36
32 509 35
239 327 22
551 279 31
441 527 25
444 440 44
34 127 36
155 295 30
393 70 42
276 24 45
588 534 29
125 293 33
222 354 41
13 468 20
77 586 30
126 539 27
422 291 40
362 517 32
375 21 41
79 86 35
373 249 40
114 554 42
277 234 28
497 204 35
290 470 42
130 255 25
181 141 35
304 68 43
34 193 31
187 193 29
26 438 24
278 570 32
247 203 25
242 440 36
19 474 26
168 1 21
593 43 27
132 312 28
129 19 34
506 587 43
97 406 30
50 214 45
37 101 36
18 327 45
547 67 40
232 191 42
24 125 29
446 372 44
103 204 38
454 287 25
579 541 43
300 484 42
257 431 23
118 395 35
340 531 36
565 11 44
26 94 43
27 330 30
181 14 23
45 542 37
522 438 34
102 247 33
356 428 21
561 339 44
436 97 26
442 544 26
408 578 22
246 548 20
132 71 22
384 222 24
528 323 22
409 258 37
585 57 41
233 485 20
335 131 32
389 443 40
432 401 31
304 99 39
256 83 33
201 426 31
33 255 28
313 580 30
371 348 22
120 144 28
222 40 27
258 298 42
416 443 31
26 488 21
92 118 27
250 321 37
15 389 45
565 464 45
510 322 30
547 162 44
242 203 29
55 360 20
471 474 33
345 282 31
96 597 39
490 398 24
367 39 21
96 341 25
98 291 38
158 399 36
177 88 31
199 411 34
240 452 25
121 41 43
145 595 32
208 422 28
53 397 24
337 61 36
467 356 27
94 104 37
560 226 20
168 214 21
206 208 28
297 195 20
186 33 31
343 157 29
103 351 33
111 425 26
453 225 31
486 238 40
296 20 44
331 415 29
210 435 41
53 152 34
274 4 29
448 324 22
6 331 35
35 93 26
156 231 42
76 266 40
202 198 28
519 351 31
529 74 41
359 89 36
189 557 33
277 378 43
600 324 20
373 307 20
93 10 24
158 483 31
490 531 20
470 536 20
515 62 22
402 530 32
461 501 36
566 427 20
308 295 30
246 390 44
505 110 20
233 28 29
343 214 29
58 349 31
64 137 20
183 567 29
205 416 33
532 155 38
380 120 44
107 261 41
29 115 21
418 284 21
512 160 31
184 115 41
269 376 36
369 156 30
369 231 35
561 187 42
231 323 25
571 386 38
206 477 34
384 587 36
230 432 35
402 67 33
375 314 29
553 31 21
517 166 32
418 170 37
374 553 32
481 524 30
455 454 24
317 451 35
117 482 23
328 243 43
503 454 37
185 311 26
463 562 45
538 474 38
596 147 20
166 354 34
186 512 26
62 494 28
178 291 29
520 4 25
247 167 36
529 25 40
105 434 43
228 441 40
232 366 33
520 297 34
563 452 44
148 150 39
18 341 34
119 378 38
543 202 39
88 328 38
597 188 26
283 337 32
278 244 39
480 495 22
289 425 36
528 355 20
539 24 21
555 464 45
25 133 36
426 424 25
13 347 21
42 458 40
268 415 26
188 72 32
108 261 30
116 312 33
364 396 33
576 409 27
243 453 33
589 193 38
207 289 26
132 316 20
491 192 25
148 575 26
306 561 22
256 341 32
417 454 36
152 423 24
374 448 29
428 122 32
209 60 21
594 459 42
292 453 35
493 583 38
77 388 27
357 216 25
87 235 20
507 545 37
472 426 32
468 238 38
130 524 31
139 429 38
181 192 26
359 565 38
260 62 27
489 236 29
119 87 43
141 147 36
469 442 35
362 5 45
301 211 31
506 579 39
142 455 44
102 200 37
229 490 34
483 479 27
419 433 41
401 452 34
436 505 29
473 27 28
76 544 26
66 4 30
430 8 44
421 590 32
18 47 27
2 361 45
282 103 30
564 145 44
111 486 39
594 500 31
50 410 27
120 78 40
476 350 40
290 197 30
65 127 40
475 498 45
271 120 20
467 513 34
220 154 30
84 270 34
546 549 27
157 162 41
128 506 40
336 2 44
574 519 34
161 508 22
447 518 36
102 448 24
487 164 32
112 30 34
380 348 45
208 300 40
74 342 20
591 438 36
20 331 27
384 579 32
276 339 43
447 488 32
545 483 25
306 360 21
229 414 30
228 430 32
17 537 38
248 30 33
298 382 40
465 136 32
391 215 26
183 109 29
249 503 35
240 175 45
371 31 31
235 330 41
549 351 34
470 266 21
57 49 32
74 201 37
495 465 26
55 559 39
348 331 28
234 285 24
275 54 42
339 283 45
64 381 30
586 369 28
7 389 28
445 216 22
51 238 22
4 112 22
358 502 39
368 566 32
254 412 31
320 47 37
405 429 37
330 44 44
408 143 31
305 402 39
397 546 26
180 385 45
61 87 38
228 533 24
122 295 33
130 38 29
56 217 21
367 552 33
293 277 31
581 80 33
198 252 35
353 241 43
185 254 45
236 249 32
191 511 28
254 186 32
101 36 37
412 90 40
517 556 23
126 125 45
450 287 41
473 44 30
586 533 30
594 466 38
348 390 30
518 123 28
520 273 33
2 33 40
259 377 33
219 486 33
559 394 32
342 161 38
246 436 31
582 19 40
131 423 39
98 163 21
577 474 29
52 294 45
170 187 37
554 590 45
34 88 33
195 569 40
66 460 21
496 520 44
495 110 32
580 203 44
273 553 27
107 194 43
259 316 30
434 456 23
232 349 26
262 144 35
78 476 30
197 108 23
157 502 23
48 334 24
569 110 26
326 379 31
180 213 41
233 551 35
332 592 25
303 514 35
234 111 44
106 498 23
587 437 42
444 244 44
37 36 32
455 266 45
195 496 27
91 315 38
591 518 30
167 242 32
512 38 24
567 151 21
380 581 40
335 260 34
479 432 25
91 173 27
310 298 44
296 236 34
545 256 32
403 310 26
421 114 32
101 407 38
8 218 38
537 121 34
550 65 28
21 431 21
411 230 45
358 241 28
424 243 29
12 204 21
146 17 25
222 295 35
162 358 42
271 361 36
47 280 29
105 356 38
320 72 20
506 493 20
354 467 24
73 92 45
343 149 44
521 218 40
579 166 45
46 385 25
374 600 39
534 116 44
180 322 33
562 502 39
177 453 35
237 75 39
315 317 30
276 187 39
571 143 40
221 166 30
309 288 45
422 7 41
463 358 37
122 492 25
175 289 22
73 395 43
25 201 32
589 276 40
81 346 26
378 61 35
576 23 23
26 301 35
534 386 40
259 71 41
179 105 43
434 268 40
81 41 38
286 537 35
23 64 32
335 494 23
273 274 32
541 269 25
284 177 43
507 377 24
478 49 21
227 172 42
417 249 25
393 476 23
404 303 35
535 458 29
308 557 34
99 375 40
323 527 37
7 299 27
337 125 29
198 389 39
422 218 32
576 311 41
35 214 45
140 323 25
368 109 32
107 373 30
567 106 24
338 179 22
461 362 36
285 499 31
257 343 29
401 573 30
323 62 36
468 129 43
137 412 29
260 100 37
209 508 37
163 202 26
473 360 25
600 135 44
150 167 29
515 100 32
460 112 21
147 475 33
294 153 42
404 484 37
560 420 30
70 78 44
205 299 25
173 338 33
582 565 22
255 350 31
500 251 34
145 448 38
288 164 27
336 194 23
190 153 29
241 416 41
129 577 41
272 504 33
280 327 21
460 559 31
290 332 45
23 185 42
252 543 36
250 439 28
318 252 20
165 196 28
552 318 44
599 594 30
542 516 29
562 95 20
100 444 21
493 376 28
355 303 21
159 140 40
3 45 40
59 286 38
325 131 31
484 228 43
1 526 21
570 84 35
498 596 25
528 140 37
273 200 27
197 137 45
467 221 29
90 186 30
115 563 29
5 556 41
507 18 23
50 149 45
430 521 34
24 283 28
558 157 40
155 396 41
573 182 28
182 386 41
21 10 21
393 79 32
497 546 42
124 144 36
510 301 27
365 169 40
204 549 33
57 370 35
419 530 39
217 127 21
306 480 30
342 414 33
388 58 33
8 433 31
449 206 22
400 212 30
546 333 26
589 127 20
497 514 20
73 532 29
321 86 44
302 267 24
494 140 28
429 251 28
199 259 20
488 407 39
230 588 44
272 403 38
296 124 41
567 368 25
516 450 35
346 63 42
581 344 34
574 44 45
52 481 36
117 314 33
54 158 21
542 179 39
472 427 41
294 215 37
401 383 23
173 317 39
11 19 29
176 265 31
423 112 38
541 517 33
438 447 37
558 593 40
552 95 37
22 457 26
469 451 22
131 30 26
104 438 28
264 46 35
398 13 25
70 344 36
523 36 32
170 136 35
194 108 23
413 109 20
139 500 21
258 584 35
118 139 31
174 315 22
90 2 40
290 261 25
264 16 28
516 489 33
513 548 41
188 304 42
377 18 37
224 138 22
253 557 22
240 591 21
580 30 40
156 9 21
597 320 27
44 394 33
119 351 29
411 545 23
124 307 21
536 455 44
509 250 25
463 15 41
561 136 37
98 7 30
68 95 36
513 456 43
220 285 33
164 143 24
216 134 41
324 344 40
41 100 27
39 597 33
15 95 21
14 551 45
224 53 23
102 150 29
137 185 24
363 302 38
308 40 33
532 28 31
583 128 43
370 171 31
424 413 35
441 586 34
220 590 45
229 56 36
575 321 27
548 97 37
63 334 40
225 413 21
382 311 36
37 538 20
417 536 41
503 450 20
488 471 38
380 20 37
461 170 44
457 91 24
123 82 26
310 584 34
382 254 27
116 71 30
94 510 33
105 513 28
366 530 33
477 300 41
85 113 44
428 364 33
388 232 35
424 453 23
126 219 20
163 171 42
251 599 44
83 379 37
279 155 28
161 529 26
432 563 45
280 263 40
248 440 24
564 79 35
243 201 37
146 244 32
88 217 42
97 556 37
450 45 23
482 72 26
225 376 37
267 174 31
245 391 45
35 21 26
368 472 37
82 425 32
196 388 33
495 406 23
178 449 22
128 183 32
582 89 29
211 435 45
146 570 29
595 321 22
540 497 42
51 82 31
374 200 35
108 412 41
41 113 36
190 476 27
481 272 33
489 503 44
598 577 45
9 113 22
202 326 44
242 244 31
284 34 23
379 275 30
135 80 36
337 235 37
83 96 35
287 3 26
245 86 21
92 363 23
332 381 27
269 501 45
253 475 41
348 80 44
391 420 38
144 271 34
511 533 42
210 322 24
554 184 27
525 491 34
353 433 29
439 560 44
226 250 28
75 496 39
550 347 32
39 543 29
133 426 35
226 32 26
373 336 31
541 493 24
117 99 33
160 403 21
304 552 40
282 585 23
15 443 30
408 172 31
71 588 38
575 570 26
235 574 44
352 106 36
573 534 44
268 6 30
190 215 34
10 314 21
499 345 26
530 458 38
572 547 25
393 245 39
558 149 35
45 338 31
372 265 31
58 165 24
173 3 23
284 292 44
197 381 29
571 487 29
400 485 41
156 77 20
527 369 24
462 519 36
553 135 33
212 233 34
175 184 35
320 263 45
326 54 21
431 562 38
568 42 30
478 585 34
223 599 42
383 522 38
175 518 44
292 501 27
456 246 45
396 457 45
528 404 23
247 313 21
152 394 20
353 205 36
598 123 39
472 413 23
329 584 45
252 367 44
213 288 31
14 212 29
184 207 22
352 151 25
156 196 26
542 434 36
411 479 39
329 409 22
189 365 21
129 51 30
253 14 24
279 308 21
554 29 35
399 29 39
69 241 32
275 256 40
183 169 36
477 540 38
551 557 27
419 387 36
324 564 37
79 595 22
302 357 22
506 437 28
430 511 36
485 139 36
535 366 33
133 201 26
141 491 38
328 74 33
397 138 22
114 57 20
9 231 24
596 352 24
595 148 45
236 307 25
154 207 44
142 451 21
423 30 27
160 298 31
386 227 33
123 289 45
600 581 34
504 38 27
253 365 30
367 188 38
583 109 22
462 397 43
598 447 40
223 459 23
84 509 22
350 153 31
279 28 30
372 383 43
219 347 31
49 171 44
521 208 40
543 379 44
313 200 31
509 575 22
309 16 43
3 451 27
121 444 43
507 341 44
198 98 28
492 354 32
357 174 43
313 274 21
569 480 39
319 370 35
63 85 36
190 245 24
218 299 36
555 490 35
415 489 43
508 342 33
345 220 41
5 465 28
318 389 34
362 269 39
130 153 39
114 319 34
547 558 45
572 568 23
120 344 29
353 305 24
445 174 44
372 104 21
8 205 42
42 402 37
325 494 22
510 435 20
406 5 41
294 524 23
516 268 28
271 78 36
463 416 43
440 260 21
191 77 40
206 291 43
342 340 21
465 461 40
148 278 33
436 237 32
363 405 28
48 85 40
354 295 45
68 431 26
306 27 43
539 65 41
84 17 44
192 212 22
400 500 26
328 414 35
364 338 29
475 181 43
86 439 43
569 360 41
382 512 20
49 178 23
162 69 30
234 154 20
339 27 28
333 138 39
577 82 23
555 13 41
119 499 44
293 219 28
50 1 41
377 239 32
457 532 34
91 364 40
267 22 30
37 407 28
598 471 40
115 240 34
544 134 41
227 143 37
312 172 42
264 288 35
31 520 32
149 43 24
28 395 25
498 365 27
396 122 38
305 419 45
405 118 43
169 106 37
311 258 26
589 539 30
511 387 28
215 392 26
286 346 42
249 261 25
261 536 22
265 182 26
56 398 20
522 591 27
158 319 44
192 466 34
238 347 29
248 335 21
54 370 35
375 68 31
395 485 30
385 210 38
406 505 21
199 507 35
150 145 29
585 421 40
528 527 21
415 296 42
